A = [[0,0,1,0,0][0,1,0,1,0][1,0,0,0,1][1,0,0,0,1][1,1,1,1,1][1,0,0,0,1][1,0,0,0,1]]
A = [0,0,1,0,0,0,1,0,1,0,1,0,0,0,1,1,0,0,0,1,1,1,1,1,1,1,0,0,0,1,1,0,0,0,1]

B = [[1,1,1,1,0][1,0,0,0,1][1,0,0,0,1][1,1,1,1,0][1,0,0,0,1][1,0,0,0,1][1,1,1,1,0]]
B = [1,1,1,1,0,1,0,0,0,1,1,0,0,0,1,1,1,1,1,0,1,0,0,0,1,1,0,0,0,1,1,1,1,1,0]

C = [[1,1,1,1,1][1,0,0,0,0][1,0,0,0,0][1,0,0,0,0][1,0,0,0,0][1,0,0,0,0][1,1,1,1,1]]
C = [1,1,1,1,1,1,0,0,0,0,1,0,0,0,0,1,0,0,0,0,1,0,0,0,0,1,0,0,0,0,1,1,1,1,1]

D = [[1,1,1,1,0][1,0,0,0,1][1,0,0,0,1][1,0,0,0,1][1,0,0,0,1][1,0,0,0,1][1,1,1,1,0]]
D = [1,1,1,1,0,1,0,0,0,1,1,0,0,0,1,1,0,0,0,1,1,0,0,0,1,1,0,0,0,1,1,1,1,1,0]

E = [[1,1,1,1,1][1,0,0,0,0][1,0,0,0,0][1,1,1,1,0][1,0,0,0,0][1,0,0,0,0][1,1,1,1,1]]
E = [1,1,1,1,1,1,0,0,0,0,1,0,0,0,0,1,1,1,1,0,1,0,0,0,0,1,0,0,0,0,1,1,1,1,1]

F = [[1,1,1,1,1][1,0,0,0,0][1,0,0,0,0][1,1,1,1,0][1,0,0,0,0][1,0,0,0,0][1,0,0,0,0]]
F = [1,1,1,1,1,1,0,0,0,0,1,0,0,0,0,1,1,1,1,0,1,0,0,0,0,1,0,0,0,0,1,0,0,0,0]

G = [[0,1,1,1,1][1,0,0,0,0][1,0,0,0,0][0,1,1,1,1][1,0,0,0,1][1,0,0,0,1][0,1,1,1,0]]
G = [0,1,1,1,1,1,0,0,0,0,1,0,0,0,0,0,1,1,1,1,1,0,0,0,1,1,0,0,0,1,0,1,1,1,0]

H = [[1,0,0,0,1][1,0,0,0,1][1,0,0,0,1][1,1,1,1,1][1,0,0,0,1][1,0,0,0,1][1,0,0,0,1]]
H = [1,0,0,0,1,1,0,0,0,1,1,0,0,0,1,1,1,1,1,1,1,0,0,0,1,1,0,0,0,1,1,0,0,0,1]

I = [[1,1,1,1,1][0,0,1,0,0][0,0,1,0,0][0,0,1,0,0][0,0,1,0,0][0,0,1,0,0][1,1,1,1,1]]
I = [1,1,1,1,1,0,0,1,0,0,0,0,1,0,0,0,0,1,0,0,0,0,1,0,0,0,0,1,0,0,1,1,1,1,1]

J = [[1,1,1,1,1][0,0,0,0,1][0,0,0,0,1][0,0,0,0,1][1,0,0,0,1][1,0,0,0,1][0,1,1,1,0]]
J = [1,1,1,1,1,0,0,0,0,1,0,0,0,0,1,0,0,0,0,1,1,0,0,0,1,1,0,0,0,1,0,1,1,1,0]

K = [[1,0,0,0,1][1,0,0,1,0][1,0,1,0,0][1,1,0,0,0][1,1,1,0,0][1,0,0,1,0][1,0,0,0,1]]
K = [1,0,0,0,1,1,0,0,1,0,1,0,1,0,0,1,1,0,0,0,1,1,1,0,0,1,0,0,1,0,1,0,0,0,1]

L = [[1,0,0,0,0][1,0,0,0,0][1,0,0,0,0][1,0,0,0,0][1,0,0,0,0][1,0,0,0,0][1,1,1,1,0]]
L = [1,0,0,0,0,1,0,0,0,0,1,0,0,0,0,1,0,0,0,0,1,0,0,0,0,1,0,0,0,0,1,1,1,1,0]

M = [[1,0,0,0,1][1,1,0,1,1][1,0,1,0,1][1,0,0,0,1][1,0,0,0,1][1,0,0,0,1][1,0,0,0,1]]
M = [1,0,0,0,1,1,1,0,1,1,1,0,1,0,1,1,0,0,0,1,1,0,0,0,1,1,0,0,0,1,1,0,0,0,1]

N = [[1,0,0,0,1][1,1,0,0,1][1,1,0,0,1][1,0,1,0,1][1,0,1,0,1][1,0,0,1,1][1,0,0,1,1]]
N = [1,0,0,0,1,1,1,0,0,1,1,1,0,0,1,1,0,1,0,1,1,0,1,0,1,1,0,0,1,1,1,0,0,1,1]

O = [[0,1,1,1,0][1,0,0,0,1][1,0,0,0,1][1,0,0,0,1][1,0,0,0,1][1,0,0,0,1][0,1,1,1,0]]
O = [0,1,1,1,0,1,0,0,0,1,1,0,0,0,1,1,0,0,0,1,1,0,0,0,1,1,0,0,0,1,0,1,1,1,0]

P = [[0,1,1,1,0][1,0,0,0,1][1,0,0,0,1][1,1,1,1,0][1,0,0,0,0][1,0,0,0,0][1,0,0,0,0]]
P = [0,1,1,1,0,1,0,0,0,1,1,0,0,0,1,1,1,1,1,0,1,0,0,0,0,1,0,0,0,0,1,0,0,0,0]

-------------------------------------------------------------------------------------------

Posibles combinaciones de salidas (16)

A B C D
1 2 3 4 <---- Salidas para cada neurona.
--------
0 0 0 0 A
0 0 0 1 B
0 0 1 0
0 0 1 1
0 1 0 0
0 1 0 1
0 1 1 0
0 1 1 1
1 0 0 0 
1 0 0 1
1 0 1 0
1 0 1 1
1 1 0 0
1 1 0 1
1 1 1 0
1 1 1 1
